0 0.324434 0.230401 0.070807 0.124564
6 0.148868 0.807491 0.086477 0.113240
6 0.324434 0.743902 0.092861 0.094077
6 0.705165 0.867160 0.154382 0.178571
6 0.876959 0.855401 0.094022 0.142857
0 0.652641 0.098432 0.114335 0.097561
4 0.434417 0.390679 0.080673 0.084495
4 0.500580 0.384146 0.051654 0.085366
3 0.290192 0.486498 0.235636 0.455575
2 0.770168 0.476916 0.316889 0.648955
9 0.331979 0.269164 0.015090 0.060976
11 0.284968 0.531359 0.356355 0.691638
11 0.703714 0.489547 0.438189 0.853659
8 0.492455 0.451220 0.387115 0.897213
