0 0.381250 0.212500 0.071875 0.102778
0 0.704688 0.215278 0.062500 0.091667
4 0.346094 0.580556 0.042188 0.094444
4 0.416406 0.506944 0.035937 0.086111
4 0.608594 0.502778 0.029687 0.105556
4 0.721875 0.484722 0.037500 0.086111
6 0.350781 0.862500 0.051562 0.102778
6 0.671094 0.740278 0.035937 0.130556
6 0.730469 0.743056 0.039062 0.152778
3 0.381250 0.527778 0.146875 0.477778
3 0.707812 0.484722 0.084375 0.391667
11 0.384375 0.562500 0.175000 0.791667
11 0.671094 0.488889 0.148438 0.638889
8 0.549219 0.497222 0.354687 0.988889
