1 0.207031 0.315625 0.095312 0.109375
10 0.226562 0.318750 0.059375 0.018750
10 0.489844 0.375000 0.035937 0.025000
10 0.586719 0.405469 0.035937 0.026562
10 0.720313 0.421875 0.043750 0.031250
1 0.371094 0.350000 0.089063 0.093750
1 0.470313 0.371875 0.093750 0.115625
1 0.778125 0.334375 0.121875 0.121875
1 0.584375 0.413281 0.056250 0.064062
1 0.716406 0.431250 0.051562 0.071875
0 0.034375 0.374219 0.050000 0.089063
0 0.101562 0.367969 0.071875 0.098437
3 0.210938 0.678125 0.200000 0.609375
3 0.471875 0.707031 0.200000 0.554688
3 0.800781 0.700000 0.204687 0.600000
3 0.084375 0.594531 0.090625 0.367188
5 0.414062 0.680469 0.046875 0.070312
5 0.283594 0.582031 0.026562 0.067187
5 0.460156 0.466406 0.057813 0.051562
5 0.797656 0.727344 0.107813 0.095312
11 0.214844 0.623437 0.214062 0.721875
11 0.466406 0.660156 0.220312 0.648438
11 0.798438 0.635156 0.215625 0.710938
11 0.086719 0.578125 0.114062 0.500000
