1 0.388281 0.310937 0.182812 0.140625
1 0.768750 0.210156 0.156250 0.132812
1 0.310937 0.182031 0.134375 0.139063
1 0.432812 0.105469 0.153125 0.126562
3 0.369531 0.663281 0.242188 0.542188
3 0.775000 0.545312 0.196875 0.528125
5 0.517969 0.539062 0.057813 0.071875
5 0.538281 0.327344 0.060937 0.085938
5 0.631250 0.282031 0.059375 0.048438
5 0.103125 0.393750 0.053125 0.056250
11 0.700000 0.492188 0.384375 0.668750
11 0.402344 0.604688 0.270313 0.684375
10 0.352344 0.199219 0.060937 0.029687
10 0.710156 0.225000 0.051562 0.037500
10 0.467969 0.120313 0.067187 0.031250
