0 0.037500 0.250781 0.071875 0.067187
0 0.300781 0.265625 0.082812 0.062500
0 0.505469 0.266406 0.064062 0.054688
0 0.697656 0.236719 0.073438 0.048438
0 0.895312 0.121094 0.087500 0.073438
4 0.045312 0.613281 0.037500 0.079687
4 0.276562 0.578906 0.043750 0.057813
4 0.476562 0.565625 0.043750 0.071875
4 0.860156 0.525781 0.064062 0.067187
0 0.084375 0.842187 0.062500 0.081250
6 0.272656 0.785937 0.067187 0.068750
6 0.329688 0.820312 0.065625 0.084375
6 0.488281 0.773438 0.070312 0.056250
6 0.542188 0.811719 0.062500 0.082812
6 0.710938 0.839844 0.065625 0.057813
6 0.667969 0.811719 0.057813 0.042188
6 0.869531 0.836719 0.098437 0.051562
6 0.922656 0.891406 0.110937 0.060937
10 0.036719 0.290625 0.054688 0.015625
10 0.289062 0.300000 0.046875 0.015625
10 0.500000 0.299219 0.040625 0.020313
10 0.692187 0.282813 0.046875 0.021875
9 0.892188 0.169531 0.068750 0.023438
2 0.077344 0.464062 0.145313 0.243750
2 0.314063 0.452344 0.118750 0.239063
2 0.517188 0.451562 0.125000 0.221875
2 0.714844 0.450000 0.110937 0.250000
2 0.925000 0.373437 0.146875 0.318750
11 0.067969 0.543750 0.132812 0.656250
11 0.308594 0.546875 0.139063 0.618750
11 0.514844 0.540625 0.135937 0.600000
11 0.704688 0.540625 0.137500 0.659375
11 0.913281 0.493750 0.173437 0.821875
