0 0.781250 0.322656 0.190625 0.195312
9 0.768750 0.445312 0.150000 0.065625
9 0.189844 0.396094 0.104688 0.051562
9 0.567187 0.353125 0.078125 0.050000
0 0.183594 0.307812 0.129688 0.137500
1 0.594531 0.378906 0.126562 0.192188
2 0.726562 0.803906 0.403125 0.392188
3 0.215625 0.730469 0.246875 0.523438
5 0.119531 0.500781 0.064062 0.098437
5 0.204687 0.838281 0.081250 0.107813
5 0.446875 0.950781 0.071875 0.076563
11 0.184375 0.618750 0.321875 0.756250
11 0.721875 0.611719 0.415625 0.773438
11 0.555469 0.414844 0.276562 0.301563
