0 0.387500 0.212500 0.075000 0.108333
0 0.701562 0.211111 0.062500 0.083333
4 0.607031 0.498611 0.032813 0.086111
4 0.723437 0.483333 0.034375 0.072222
4 0.344531 0.579167 0.032813 0.102778
4 0.421094 0.516667 0.029687 0.083333
3 0.379688 0.525000 0.150000 0.488889
3 0.706250 0.475000 0.093750 0.383333
6 0.357812 0.870833 0.068750 0.080556
6 0.671875 0.741667 0.043750 0.133333
6 0.730469 0.741667 0.039062 0.138889
11 0.385937 0.550000 0.168750 0.766667
11 0.677344 0.481944 0.160938 0.630556
8 0.547656 0.495833 0.351562 0.986111
