1 0.452344 0.482812 0.148438 0.234375
10 0.450781 0.490625 0.123438 0.050000
3 0.453906 0.792969 0.398438 0.414062
11 0.446094 0.683594 0.417187 0.632812
11 0.256250 0.595313 0.253125 0.793750
11 0.619531 0.437500 0.223438 0.453125
11 0.827344 0.532031 0.248438 0.560937
0 0.267188 0.285938 0.140625 0.168750
0 0.575781 0.302344 0.126562 0.170313
0 0.764844 0.342969 0.110937 0.164062
10 0.265625 0.293750 0.078125 0.040625
10 0.574219 0.317188 0.085938 0.037500
10 0.758594 0.339062 0.067187 0.040625
2 0.285156 0.541406 0.223438 0.348438
3 0.821875 0.537500 0.253125 0.284375
5 0.857031 0.638281 0.085938 0.067187
5 0.632031 0.584375 0.051562 0.078125
3 0.628125 0.553906 0.221875 0.345313
