1 0.644531 0.303906 0.285938 0.398438
1 0.128906 0.648438 0.164062 0.178125
1 0.259375 0.328906 0.125000 0.154688
1 0.197656 0.474219 0.151562 0.142187
1 0.439844 0.459375 0.135937 0.171875
1 0.414062 0.291406 0.115625 0.132812
1 0.389062 0.054688 0.134375 0.100000
10 0.267969 0.314063 0.048438 0.059375
10 0.410156 0.319531 0.064062 0.042188
10 0.473438 0.440625 0.050000 0.068750
10 0.170313 0.639844 0.059375 0.076563
10 0.407031 0.046094 0.048438 0.045312
4 0.950000 0.365625 0.100000 0.209375
4 0.860156 0.381250 0.092188 0.162500
11 0.747656 0.379688 0.498437 0.600000
1 0.640625 0.828125 0.265625 0.343750
11 0.229687 0.782813 0.350000 0.431250
11 0.441406 0.111719 0.207813 0.210938
11 0.445312 0.599219 0.128125 0.464062
11 0.289062 0.587500 0.290625 0.346875
