0 0.443359 0.274194 0.062500 0.085044
8 0.547852 0.452346 0.144531 0.901760
6 0.436523 0.766129 0.048828 0.174487
6 0.632324 0.856305 0.098633 0.219941
6 0.806641 0.793988 0.085938 0.139296
4 0.672363 0.629032 0.049805 0.149560
4 0.848633 0.531525 0.035156 0.092375
4 0.420410 0.530059 0.043945 0.060117
11 0.464355 0.524927 0.137695 0.630499
11 0.715332 0.563783 0.260742 0.775660
11 0.832031 0.513196 0.099609 0.589443
0 0.626465 0.225806 0.088867 0.085044
0 0.811523 0.245601 0.066406 0.065982
9 0.802246 0.283724 0.045898 0.021994
2 0.714355 0.445748 0.159180 0.340176
