0 0.120313 0.050781 0.103125 0.085938
0 0.539062 0.194531 0.090625 0.176563
0 0.774219 0.057813 0.082812 0.078125
6 0.321875 0.782031 0.084375 0.067187
6 0.215625 0.845313 0.037500 0.131250
6 0.705469 0.874219 0.048438 0.126562
6 0.614062 0.855469 0.096875 0.120313
6 0.155469 0.778906 0.089063 0.160938
4 0.522656 0.457031 0.089063 0.095312
4 0.338281 0.451562 0.054688 0.059375
4 0.067969 0.621875 0.054688 0.103125
5 0.846875 0.403125 0.043750 0.056250
2 0.172656 0.496094 0.292187 0.589063
2 0.682813 0.493750 0.178125 0.618750
2 0.810156 0.368750 0.132812 0.515625
10 0.137500 0.109375 0.071875 0.037500
11 0.633594 0.525000 0.314063 0.828125
11 0.185938 0.458594 0.365625 0.885938
11 0.808594 0.311719 0.167187 0.579688
