0 0.378906 0.205556 0.073438 0.100000
0 0.707031 0.208333 0.064062 0.088889
4 0.342969 0.568056 0.035937 0.086111
4 0.413281 0.498611 0.035937 0.069444
4 0.600000 0.491667 0.034375 0.088889
4 0.721875 0.473611 0.031250 0.080556
6 0.350781 0.873611 0.048438 0.075000
6 0.670312 0.736111 0.037500 0.122222
6 0.725000 0.738889 0.043750 0.144444
3 0.376563 0.520833 0.156250 0.502778
3 0.707031 0.468056 0.095312 0.380556
11 0.382031 0.537500 0.173437 0.769444
11 0.669531 0.481944 0.160938 0.630556
8 0.552344 0.490278 0.335938 0.975000
